0 0.325559 0.419979 0.029773 0.033153
0 0.364906 0.437972 0.037141 0.036722
0 0.385551 0.429271 0.017305 0.029347
0 0.431832 0.422646 0.032570 0.035597
0 0.515594 0.440562 0.047156 0.050486
0 0.218840 0.405021 0.012977 0.018375
0 0.200418 0.403597 0.023867 0.019139
0 0.175332 0.394604 0.021664 0.014486
0 0.499820 0.556868 0.065250 0.073042
0 0.249719 0.518493 0.046656 0.077736
0 0.340949 0.542986 0.040086 0.064306
0 0.289832 0.595833 0.081383 0.168056
0 0.352090 0.471111 0.046133 0.066944
0 0.532348 0.679785 0.070008 0.115431
0 0.722699 0.550431 0.064523 0.074139
0 0.440617 0.581764 0.052109 0.067083
0 0.447813 0.457743 0.046500 0.048264
0 0.626020 0.499549 0.052102 0.053181
0 0.491508 0.462472 0.038531 0.040222
0 0.839027 0.618604 0.091758 0.080875
0 0.595125 0.528715 0.048922 0.060597
0 0.970730 0.718701 0.058539 0.124375
0 0.835754 0.553306 0.081164 0.076750
0 0.253102 0.460250 0.033391 0.035528
0 0.244125 0.433694 0.037937 0.036222
0 0.285273 0.406271 0.028031 0.027181
