0 0.591023 0.523118 0.037328 0.045514
0 0.528711 0.726479 0.068359 0.103097
0 0.718422 0.604090 0.064609 0.080347
0 0.850078 0.562396 0.061766 0.079153
0 0.785410 0.561993 0.099039 0.095264
0 0.456922 0.587201 0.055906 0.070347
0 0.386320 0.626479 0.060344 0.094069
0 0.482926 0.471910 0.041492 0.029542
0 0.575605 0.480167 0.052039 0.051056
0 0.613719 0.476444 0.036594 0.034639
0 0.306184 0.413299 0.020102 0.019597
0 0.482750 0.459958 0.040453 0.051111
0 0.172055 0.397812 0.014656 0.016264
0 0.185031 0.392007 0.020422 0.017625
0 0.211699 0.398021 0.027148 0.032931
0 0.250020 0.397042 0.026430 0.023806
0 0.407629 0.434972 0.030273 0.029944
0 0.374953 0.441618 0.034594 0.031181
0 0.265754 0.483472 0.044930 0.053389
0 0.347375 0.490944 0.045031 0.056833
0 0.454121 0.520097 0.046695 0.059806
0 0.258418 0.552715 0.040586 0.058819
0 0.430617 0.937500 0.137391 0.125000
0 0.815781 0.926819 0.152734 0.146361
0 0.273859 0.601944 0.042906 0.074167
