0 0.371559 0.409069 0.032664 0.027750
0 0.409402 0.675194 0.059086 0.113833
0 0.877773 0.645674 0.082687 0.071264
0 0.576258 0.483083 0.050875 0.052889
0 0.774734 0.870417 0.118641 0.148306
0 0.456187 0.604014 0.051344 0.077194
0 0.715336 0.513646 0.055375 0.059792
0 0.700340 0.598917 0.066695 0.071306
0 0.340656 0.542938 0.051359 0.061986
0 0.284801 0.690958 0.060633 0.132806
0 0.849832 0.694576 0.091539 0.086681
0 0.521508 0.658035 0.071312 0.124125
0 0.266289 0.587076 0.045547 0.076542
0 0.249613 0.915243 0.104055 0.169514
0 0.362422 0.434535 0.034688 0.038708
0 0.313867 0.422993 0.029781 0.025708
0 0.263742 0.483326 0.042000 0.048431
0 0.236082 0.521389 0.037836 0.059306
0 0.229285 0.451451 0.041977 0.043986
0 0.423402 0.546097 0.057680 0.086000
0 0.496137 0.547056 0.051398 0.070861
0 0.486832 0.434257 0.036508 0.050347
0 0.459480 0.449472 0.030930 0.043722
0 0.445172 0.466375 0.040937 0.046972
0 0.596246 0.463361 0.036508 0.037111
0 0.309195 0.399979 0.031406 0.030625
0 0.264418 0.397743 0.022617 0.025514
0 0.242344 0.409069 0.035172 0.032222
0 0.209141 0.404285 0.023328 0.032875
0 0.227535 0.388174 0.028539 0.038292
0 0.674586 0.960611 0.118719 0.078778
0 0.979020 0.602868 0.041961 0.169542
