0 0.296078 0.464993 0.042844 0.048431
0 0.828809 0.612514 0.074336 0.068861
0 0.308086 0.528750 0.043516 0.068333
0 0.632465 0.562472 0.051961 0.052556
0 0.567551 0.447958 0.041383 0.042944
0 0.663324 0.519576 0.052898 0.052236
0 0.984336 0.644014 0.031328 0.087583
0 0.381523 0.627639 0.051953 0.080278
0 0.562145 0.491882 0.046148 0.038542
0 0.432500 0.899444 0.105484 0.199833
0 0.180266 0.416083 0.008859 0.012167
0 0.186938 0.440569 0.035578 0.043194
0 0.190301 0.470896 0.019242 0.048319
0 0.239656 0.521167 0.040266 0.063167
0 0.340457 0.421069 0.031586 0.039028
0 0.423809 0.421687 0.037070 0.034153
0 0.188957 0.396604 0.021805 0.025264
0 0.507133 0.464465 0.040359 0.037986
0 0.853082 0.942514 0.107055 0.108250
0 0.344957 0.492590 0.040383 0.042319
0 0.231312 0.399854 0.014922 0.022319
0 0.253211 0.404528 0.028109 0.032500
0 0.596992 0.642264 0.069328 0.092972
0 0.273965 0.841118 0.085648 0.132514
0 0.861859 0.706521 0.105281 0.099458
