0 0.258871 0.548694 0.041852 0.070556
0 0.800094 0.507361 0.064250 0.050278
0 0.709703 0.551840 0.060687 0.062014
0 0.424316 0.566549 0.052336 0.080403
0 0.301055 0.650069 0.051656 0.093056
0 0.778430 0.655236 0.084578 0.071583
0 0.682031 0.497563 0.052500 0.052875
0 0.565293 0.478840 0.051898 0.052153
0 0.322453 0.477326 0.042844 0.041569
0 0.258898 0.947090 0.115750 0.105819
0 0.372770 0.512576 0.045883 0.050569
0 0.506062 0.426917 0.102609 0.090972
0 0.472266 0.970417 0.110344 0.059167
0 0.628145 0.874972 0.124242 0.183833
0 0.178180 0.397021 0.018375 0.014375
0 0.188324 0.432104 0.036445 0.061819
0 0.212648 0.393062 0.032828 0.029208
0 0.820996 0.557688 0.068773 0.058431
0 0.331504 0.540521 0.043039 0.062375
0 0.571676 0.521313 0.049148 0.046819
0 0.247398 0.403194 0.030047 0.027722
0 0.283270 0.403222 0.027242 0.027667
0 0.299937 0.423708 0.026719 0.026250
0 0.276027 0.487951 0.040617 0.049958
0 0.344289 0.433618 0.027516 0.032125
0 0.360816 0.412833 0.028383 0.032167
0 0.388336 0.430625 0.033937 0.040083
0 0.651891 0.439035 0.124344 0.092236
0 0.964922 0.604542 0.070156 0.071000
