0 0.275074 0.590292 0.041336 0.058944
0 0.328879 0.546625 0.044820 0.063611
0 0.236949 0.523660 0.038367 0.054431
0 0.341148 0.491889 0.040094 0.055194
0 0.345668 0.465868 0.037930 0.029153
0 0.446641 0.465479 0.040094 0.042181
0 0.473555 0.422618 0.047406 0.055958
0 0.390879 0.442514 0.035352 0.036056
0 0.372602 0.413472 0.035734 0.037500
0 0.313809 0.417639 0.028461 0.027639
0 0.261961 0.447111 0.041734 0.034528
0 0.262566 0.410757 0.029320 0.036819
0 0.235449 0.400458 0.030977 0.032917
0 0.188938 0.398507 0.018984 0.019986
0 0.171734 0.392424 0.017219 0.019903
0 0.200754 0.476875 0.037023 0.050444
0 0.240035 0.465556 0.037258 0.041472
0 0.929129 0.608486 0.083602 0.075306
0 0.676910 0.580743 0.062211 0.066819
0 0.522504 0.693181 0.066523 0.116250
0 0.682719 0.721694 0.086203 0.128083
0 0.811191 0.676153 0.085023 0.082917
0 0.849426 0.962799 0.065211 0.074403
0 0.284051 0.992021 0.086430 0.015958
0 0.212492 0.438681 0.038938 0.037222
0 0.590891 0.531701 0.049906 0.052708
0 0.608309 0.477396 0.048961 0.054931
0 0.284242 0.782111 0.081516 0.169556
0 0.662066 0.474333 0.043758 0.034778
0 0.447281 0.573403 0.053781 0.065833
0 0.979398 0.580125 0.041125 0.071694
0 0.936516 0.692208 0.085641 0.076556
0 0.397578 0.657521 0.069687 0.137236
0 0.677020 0.962639 0.108930 0.074722
0 0.546039 0.585389 0.069672 0.099944
0 0.499348 0.484049 0.049039 0.050875
0 0.538133 0.436215 0.041078 0.036347
0 0.286035 0.630451 0.047836 0.076625
