0 0.369398 0.587653 0.046719 0.076750
0 0.497930 0.628403 0.066484 0.102194
0 0.390766 0.585007 0.090297 0.082125
0 0.766156 0.642278 0.077375 0.085111
0 0.664652 0.965951 0.109383 0.068097
0 0.530930 0.585125 0.052687 0.067750
0 0.549551 0.464472 0.039242 0.034306
0 0.529930 0.450465 0.021875 0.034875
0 0.405371 0.415771 0.034273 0.029042
0 0.297059 0.417611 0.031805 0.034194
0 0.261598 0.413889 0.026336 0.031167
0 0.215781 0.405750 0.025906 0.026472
0 0.238426 0.404785 0.020945 0.027292
0 0.181812 0.392792 0.031797 0.035306
0 0.257395 0.477903 0.036961 0.046889
0 0.199152 0.449660 0.018898 0.031014
0 0.249715 0.445049 0.036133 0.040236
0 0.331738 0.483257 0.039039 0.046514
0 0.375551 0.521090 0.045273 0.049847
0 0.378770 0.476611 0.040492 0.042083
0 0.970977 0.827201 0.058047 0.098403
0 0.920125 0.651618 0.100234 0.102764
0 0.467348 0.438743 0.040352 0.050375
0 0.308668 0.521285 0.039961 0.057486
0 0.657918 0.699174 0.088586 0.113542
0 0.236594 0.920681 0.125781 0.158639
0 0.343906 0.412292 0.039531 0.046528
0 0.418398 0.432417 0.040078 0.040111
0 0.542391 0.501528 0.049938 0.055833
0 0.648125 0.566139 0.057969 0.052833
0 0.870492 0.931986 0.142141 0.136028
0 0.627801 0.511500 0.053883 0.049500
0 0.409316 0.582924 0.053508 0.068403
0 0.703004 0.503556 0.056852 0.056694
0 0.597602 0.826569 0.094047 0.139778
0 0.401004 0.677424 0.060992 0.114903
0 0.443539 0.502944 0.049437 0.066778
