0 0.328020 0.541375 0.038570 0.062972
0 0.293238 0.778486 0.072430 0.150000
0 0.544289 0.733528 0.073797 0.110306
0 0.301063 0.596229 0.042797 0.074347
0 0.292254 0.506646 0.039008 0.062097
0 0.322051 0.417250 0.041477 0.034167
0 0.333816 0.486021 0.042555 0.046042
0 0.737738 0.494417 0.051555 0.055611
0 0.747598 0.577972 0.068711 0.064361
0 0.894727 0.460250 0.069297 0.064389
0 0.508844 0.561389 0.054641 0.061111
0 0.251711 0.551090 0.041109 0.049458
0 0.912305 0.594236 0.085547 0.060694
0 0.735676 0.801097 0.118695 0.170389
0 0.391469 0.635250 0.087453 0.196556
0 0.429988 0.572063 0.034242 0.060931
0 0.431289 0.508222 0.047266 0.066889
0 0.373152 0.475792 0.039680 0.040611
0 0.402848 0.415069 0.035117 0.039500
0 0.291043 0.439840 0.034773 0.039542
0 0.261727 0.454417 0.036141 0.038056
0 0.262008 0.485313 0.037250 0.041514
0 0.212754 0.401986 0.024086 0.026250
0 0.195832 0.390007 0.027617 0.025847
0 0.259371 0.410861 0.031352 0.028417
0 0.276801 0.400139 0.010148 0.020333
0 0.919320 0.544056 0.069734 0.053583
