0 0.240484 0.466326 0.041906 0.049708
0 0.396125 0.691528 0.059344 0.093444
0 0.560852 0.510090 0.048672 0.048569
0 0.732656 0.622924 0.069687 0.071403
0 0.204215 0.485917 0.036867 0.058167
0 0.287887 0.503215 0.039680 0.043569
0 0.743957 0.559569 0.057867 0.054778
0 0.780133 0.542514 0.044672 0.046139
0 0.653910 0.520792 0.048898 0.034639
0 0.428547 0.502333 0.044203 0.053917
0 0.368500 0.510014 0.047531 0.059306
0 0.195539 0.439285 0.023266 0.023986
0 0.217098 0.397917 0.032570 0.030056
0 0.221922 0.423806 0.031734 0.030333
0 0.360051 0.418139 0.024195 0.026194
0 0.348414 0.431646 0.035984 0.032819
0 0.439473 0.442264 0.035039 0.037500
0 0.510898 0.445708 0.108188 0.133278
0 0.663199 0.493889 0.048195 0.031750
0 0.453051 0.958201 0.117289 0.083597
0 0.866848 0.720812 0.096039 0.097514
0 0.620637 0.550562 0.052273 0.055542
0 0.267316 0.539250 0.040164 0.069194
0 0.502387 0.554028 0.049195 0.056472
