0 0.390113 0.428924 0.032414 0.030764
0 0.825617 0.553174 0.072453 0.071042
0 0.282023 0.652715 0.057484 0.099875
0 0.971637 0.718569 0.056727 0.097361
0 0.272410 0.410576 0.028148 0.028597
0 0.304270 0.405590 0.028836 0.030375
0 0.199676 0.395674 0.026117 0.026458
0 0.218254 0.393646 0.010398 0.014319
0 0.322793 0.420347 0.030164 0.025972
0 0.314973 0.479167 0.042539 0.034444
0 0.615516 0.504236 0.050594 0.049417
0 0.634281 0.478535 0.044203 0.036569
0 0.263191 0.546431 0.040570 0.057556
0 0.622746 0.457535 0.047258 0.036069
0 0.765852 0.602361 0.068687 0.075500
0 0.835090 0.689382 0.090305 0.084542
0 0.555629 0.460847 0.035242 0.038972
0 0.245195 0.468882 0.037844 0.045958
0 0.384023 0.484417 0.043516 0.043139
0 0.431633 0.948118 0.127969 0.100431
0 0.220637 0.935632 0.115336 0.128736
0 0.461332 0.471042 0.036086 0.035972
0 0.347996 0.438153 0.029273 0.019639
0 0.502848 0.652361 0.069930 0.112778
0 0.323004 0.524799 0.046008 0.079597
0 0.488109 0.456951 0.028969 0.028764
0 0.559355 0.776625 0.081523 0.121861
