0 0.254832 0.404410 0.026742 0.032542
0 0.699805 0.537701 0.055078 0.058625
0 0.734184 0.516028 0.052773 0.055389
0 0.990824 0.642319 0.018023 0.057972
0 0.438078 0.582187 0.048578 0.062819
0 0.623305 0.679708 0.078016 0.101861
0 0.292566 0.503799 0.040148 0.049764
0 0.552844 0.472118 0.052297 0.055625
0 0.262273 0.898542 0.121719 0.191667
0 0.778332 0.642958 0.087617 0.117111
0 0.842543 0.615944 0.072773 0.069472
0 0.616543 0.497646 0.051570 0.059653
0 0.285625 0.625569 0.053938 0.103528
0 0.476270 0.632667 0.059898 0.081889
0 0.230895 0.469229 0.033883 0.035069
0 0.274621 0.462611 0.035805 0.033778
0 0.323875 0.446382 0.039641 0.046597
0 0.464184 0.452139 0.033883 0.036778
0 0.516684 0.432500 0.045648 0.040194
0 0.661434 0.470278 0.046367 0.039722
0 0.543410 0.583708 0.056430 0.078083
0 0.461680 0.521181 0.054766 0.070667
0 0.378426 0.514021 0.043367 0.061292
0 0.385652 0.483875 0.038914 0.039528
0 0.406504 0.450264 0.030023 0.035583
0 0.373008 0.444833 0.035859 0.040528
0 0.340430 0.421000 0.029625 0.024889
0 0.269809 0.433924 0.033758 0.029042
0 0.237426 0.442861 0.035352 0.032861
0 0.296551 0.405694 0.031602 0.021694
0 0.263617 0.416854 0.024609 0.017875
0 0.224496 0.407764 0.024961 0.027750
0 0.173691 0.376812 0.066211 0.068597
0 0.328344 0.539153 0.042531 0.063583
