0 0.497332 0.481389 0.042758 0.038750
0 0.686523 0.742688 0.090188 0.116347
0 0.271941 0.832722 0.080508 0.161889
0 0.275813 0.707993 0.062688 0.101264
0 0.768801 0.568944 0.067367 0.067306
0 0.814422 0.519597 0.059906 0.057917
0 0.772852 0.652861 0.078312 0.090583
0 0.237566 0.534451 0.038414 0.047986
0 0.265469 0.410597 0.027813 0.029167
0 0.556164 0.465208 0.053453 0.055972
0 0.326352 0.427361 0.032766 0.032500
0 0.462691 0.950951 0.114289 0.098097
0 0.635223 0.557438 0.058961 0.051931
0 0.238605 0.408750 0.025133 0.025472
0 0.189602 0.399382 0.023047 0.017653
0 0.608117 0.889674 0.110719 0.182292
0 0.272219 0.487611 0.040125 0.048694
0 0.307777 0.469674 0.040602 0.046125
0 0.317262 0.406500 0.028445 0.024361
0 0.426305 0.434882 0.039875 0.043042
0 0.397301 0.448535 0.036773 0.030625
0 0.595203 0.464444 0.036031 0.050028
0 0.378117 0.618465 0.056406 0.097208
0 0.478441 0.613486 0.061570 0.094917
0 0.965617 0.707667 0.064375 0.065278
0 0.762918 0.409319 0.037430 0.050444
